                       #x                        y
                      0.3                        1
                      1.3                        0
                  2.23912                 0.939116
                   2.0374               0.00140078
                  1.65967                        1
                  1.28141                        0
                 0.903143                        1
                  0.52488                        0
                 0.146617                        1
                -0.213531                0.0478888
                 0.332692                        1
                 0.906388                        0
                  1.48008                        1
                  2.05221               0.00273365
                  2.33264                   0.8733
                 0.411743                        0
                -0.491991                 0.410867
                0.0974373                        1
                  1.09794                        0
                  2.09023                 0.991792
                  2.42786                 0.241284
                -0.268706                0.0783403
                -0.484207                 0.624675
               -0.0316536                 0.998997
                  1.54641                        0
                  2.49038                 0.597588
                 0.166966                        1
                -0.262351                 0.925643
                -0.483617                 0.626943
                -0.437577                 0.258078
                -0.149679                0.0229294
